0.0023748  -0.000130981  0.000735681  -0.00885145  -0.184542  -0.122188  
0.00262499  -5.3985e-05  0.000735681  -0.0118205  -0.163543  -0.101008  
0.00221943  -0.000193877  0.000735681  -0.0118457  -0.192804  -0.117724  
0.00205656  -7.05357e-05  0.00080619  -0.0118489  -0.146577  -0.11068  
0.00199898  9.34437e-05  0.000608151  -0.0118322  -0.189617  -0.101063  
-3.71186e-05  -0.000496589  0.00073568  -0.0181301  -0.171654  -0.0121796  
0.00178482  -0.000425383  0.00073568  -0.00641815  -0.171594  -0.0420406  
0.000710656  -0.000547328  0.00073568  -0.0127017  -0.188339  0.0150898  
0.00105463  -0.0002765  0.000652783  -0.0267326  -0.160634  -0.018054  
0.000668542  -0.000480383  0.00073568  -0.00595931  -0.158316  -0.00040153  
5.49526e-05  -0.000430687  0.00073568  -0.00595006  -0.0806519  -0.0121999  
0.000257794  -0.000252675  0.00073568  -0.00185034  -0.162461  0.0104498  
0.00052967  -0.00030772  0.000597049  -0.0233568  -0.0690612  0.0210468  
0.000589655  -0.000547328  0.00073568  -0.00300116  -0.171417  0.0254991  
0.000313775  -0.000547328  0.000735679  0.00678662  -0.0936445  0.0571306  
0.000170786  -0.000207342  0.000735679  0.000517484  -0.183492  0.0149974  
0.000250434  -0.000106865  0.000735679  -0.00662024  -0.164262  0.0271358  
0.00101675  -0.000114942  0.000926891  -0.00304478  -0.152699  -0.015609  
0.000415009  0.000101704  0.00103259  0.00847698  -0.108948  0.0367088  
0.000751168  3.65777e-07  0.000735679  0.00334909  -0.120974  0.0138994  
0.000225718  0.000110672  0.000735679  -0.00555446  -0.141408  0.0383361  
0.000708309  3.65777e-07  0.000735679  -0.00302059  -0.208549  0.00508985  
-1.13464e-05  3.65777e-07  0.000566464  -0.00300984  -0.106759  0.0640218  
0.00040209  3.65777e-07  0.00063853  -0.00301086  -0.147179  0.0542336  
-0.000340624  3.65777e-07  0.000550793  -0.00961118  -0.207263  0.0948232  
-0.000219171  7.67122e-05  0.000491574  -0.025616  -0.153791  0.172119  
-0.000659104  -0.000225316  0.000617436  -0.0191407  -0.156138  0.127835  
0.000242437  3.65777e-07  0.000735678  -0.00790922  -0.0889594  0.0209165  
0.000898876  3.65777e-07  0.000598682  -0.0191624  -0.147477  0.0289538  
9.34165e-05  0.000132472  0.000735678  -0.0191726  -0.0764665  0.0472404  
0.000382601  -9.27158e-05  0.00079246  -0.0134342  -0.184715  0.0350831  
-0.000289249  -0.000389143  0.000616952  -0.000371415  -0.117804  0.019099  
0.000539984  0.000836885  0.00036712  -0.0138755  -0.109218  0.0272021  
0.000155342  0.000473027  0.000500831  -0.00747153  -0.196878  0.0600042  
0.000502796  0.000596551  0.000735677  -0.000375129  -0.161075  0.0275649  
0.000252969  0.000798849  0.000735677  -0.0218173  -0.195562  0.123795  
-0.00241051  0.000556813  0.000735677  -0.034784  -0.151997  0.403561  
-0.000741385  -0.000218546  0.000735677  -0.0204414  -0.10023  0.0926746  
-0.000751531  -0.000421659  0.000735677  -0.0283973  -0.12194  0.0886832  
-0.00116011  3.65777e-07  0.000735677  -0.0351916  -0.0521021  0.10952  
-0.000917444  3.65777e-07  0.000692592  -0.027183  -0.130778  0.077106  
-0.00103443  6.51102e-05  0.000692267  -0.0241979  -0.0694002  0.109316  
-0.00135058  -0.000273895  0.000870809  -0.0177146  -0.172828  0.177752  
-0.00151335  -0.000339572  0.00114463  -0.00167702  -0.0288923  0.177732  
-0.00176405  -0.000334896  0.000775628  -0.00714163  -0.150991  0.190378  
-0.00144955  -0.000419654  0.00114463  -0.00716413  -0.099867  0.187623  
-0.00204576  3.65777e-07  0.00073681  -0.0176642  -0.0809339  0.191856  
-0.00117042  3.65777e-07  0.000682027  -0.0148969  -0.122606  0.103382  
-0.000807181  0.000116654  0.000692272  -0.00365085  -0.106188  0.0704016  
-0.000924656  3.65777e-07  0.000773814  -0.00363452  -0.149966  0.133656  
-0.000111554  0.000589623  0.00103269  0.00753677  -0.104812  0.111914  
-0.00122006  0.000109434  0.000920643  -0.00787671  -0.150164  0.132688  
-0.000735029  0.000461929  0.000791296  -0.0104832  -0.125809  0.0913425  
-0.00111731  3.65777e-07  0.000835933  -0.0112492  -0.119083  0.0465273  
-0.000690163  0.00087322  0.00075946  -0.00365881  -0.232082  0.100903  
-0.00101401  0.000734733  0.000953518  0.000997037  -0.10433  0.126155  
-0.0013978  0.000508977  0.000997287  -0.00508  -0.13049  0.184252  
-0.00195759  0.000508977  0.00114463  -0.00869153  -0.117499  0.207965  
-0.00128802  0.000508977  0.00148341  0.0184828  -0.130551  0.141383  
-0.00148517  0.000508977  0.00114463  0.00170397  -0.0853464  0.177954  
-0.00130143  0.000508977  0.000927738  0.0186974  -0.122049  0.150561  
-0.00183022  0.000610947  0.000835719  0.00848043  -0.135997  0.206295  
-0.000935308  0.000947901  0.00114463  0.00162027  -0.121985  0.172676  
-0.0020668  0.00121395  0.000528462  -0.0234813  -0.259037  0.228596  
-0.003405  0.00130858  0.000633697  -0.0372388  0.045197  0.502208  
-0.0024951  0.00102457  0.00035576  -0.00812081  -0.00232922  0.194149  
-0.00255343  0.00113286  0.000441464  -0.00596476  -0.0366439  0.200539  
-0.00253915  0.00105684  0.00052601  -0.0057387  -0.155602  0.229314  
-0.0027851  0.000959627  0.000516684  -0.0143853  -0.0563543  0.221315  
-0.0027795  0.0008891  0.000819176  -0.0219219  -0.0928762  0.238468  
-0.00289971  0.00101019  0.00094131  -0.0108884  -0.129126  0.256914  
-0.00247445  0.00151275  0.000812455  -0.0205303  -0.0652037  0.23419  
-0.00313362  0.00103232  0.000572054  -0.0173698  -0.102681  0.26168  
-0.00258117  0.00131692  0.00035576  -0.017881  -0.0418038  0.241664  
-0.00237491  0.00103546  0.000551384  -0.0215268  -0.103125  0.214207  
-0.0048281  0.000733196  0.000896801  -0.028059  0.0229553  0.376171  
-0.00394696  0.00124245  0.000630328  -0.0125169  -0.0508048  0.298749  
-0.00108835  0.00106212  0.000837639  0.00784154  -0.104749  0.0557802  
-0.00204435  0.00136111  0.000883074  -0.00664622  -0.107927  0.184527  
-0.00295608  0.000543111  0.000805486  -0.0298388  -0.145974  0.260504  
-0.00343684  0.000800009  0.000515445  -0.0292492  -0.0837727  0.257981  
-0.00255449  0.000991454  0.00066165  -0.014704  -0.141742  0.206226  
-0.00233067  0.00118434  0.000568184  -0.0243635  -0.0886564  0.237093  
-0.00196816  0.00139366  0.00062186  -0.0178949  -0.106224  0.223714  
-0.000885449  0.00160878  6.22953e-05  -0.0243898  -0.105959  0.151953  
0.00124952  0.000287626  6.96846e-05  -0.0241915  -0.0477673  0.0989943  
0.00735125  0.0017079  0.000683538  -0.0676852  -0.0986474  0.696165  
0.0116914  0.000632815  0.00035576  -0.0792936  0.117257  1.0022  
0.00205727  -3.48061e-05  0.000355761  -0.0548644  -0.0123382  0.160879  
0.0224213  0.00351438  -0.000438683  -0.0907599  -0.171326  0.0269615  
0.0508835  0.00532771  -0.000140138  -0.0692052  0.178651  0.0287571  
0.0111064  0.00227612  1.93984e-05  -0.0283659  -0.0423766  -0.0477539  
0.000877252  0.00188184  -0.00043498  -0.026111  -0.0422652  0.0271617  
0.00064016  0.00188184  -0.000135967  -0.0306897  -0.283273  0.0359504  
-0.000307362  0.00172033  -0.000235947  -0.034725  -0.18568  0.0774802  
-0.000410986  0.00161417  8.33189e-05  -0.0424405  -0.173142  0.120467  
-0.000733425  0.0019852  0.000116847  -0.0607956  -0.187498  0.164116  
-0.000642489  0.00188184  -0.00046945  -0.0702012  -0.0903803  0.0443889  
0.00382125  -0.00144615  -0.00046945  0.029823  0.0158453  0.0962433  
0.00299262  -0.00137076  0.000684061  -0.0139769  -0.171596  0.0257407  
0  -0  0  0  0  0  
0  -0  -0.000131299  4.80372e-06  -0.0903629  0.0708398  
-9.1219e-05  0.000366942  0.000213556  0.013681  -0.0116417  0.0932418  
-0.000356803  8.99683e-05  0.000208551  -8.69243e-07  -0.0781484  0.0932517  
0.000639527  0.000422567  0.000164428  0.00853863  -0.0465777  0.050032  
-0.00040353  0.000422567  0  0.00873538  -0.0942722  0.0861543  
-0.00024222  0.000422567  0  -2.55564e-05  -0.0623616  0.0871536  
-0.00138474  0.00112031  -0.000533296  -0.0237511  -0.0859845  0.281328  
-0.000980376  0.000963497  -0.00021092  -0.000608429  -0.0632859  0.206066  
-0.000705414  0.000899459  -0.000166446  -0.00656688  -0.0188188  0.283849  
-0.000746874  0.00104039  -0.000301814  0.00308501  0.0528081  0.206539  
-0.00467493  0.000673479  0.00139136  0.020453  0.0323137  0.200964  
-0.00261763  0.000422567  0.000629724  -0.00326493  -0.111818  0.198862  
-0.00239702  0.000945458  0.000248045  0.00307869  -0.0149737  0.168291  
-0.00337348  0.00126151  -0.000133397  -0.00203318  -0.00582448  0.242873  
-0.00306169  0.00120244  0.000248045  0.000949679  -0.037978  0.283158  
-0.00337348  0.00120754  0.000248045  -0.0173911  0.0352657  0.283178  
-0.00263994  0.00145754  -3.54802e-05  -0.000567776  -0.0405559  0.240596  
-0.00337348  0.000966532  -8.39666e-05  -0.0265942  -0.00620031  0.324482  
-0.00299815  0.000966532  2.65697e-05  -0.0138886  -0.0536272  0.292601  
-0.00337348  0.00117087  5.76357e-05  -0.0330136  -0.00309661  0.365992  
-0.001858  0.00111796  0.000248045  -0.0205532  -0.0325183  0.331012  
-0.001858  0.00191497  0.000248045  -0.0461658  -0.00490686  0.373098  
-0.00272245  0.00210957  0.000248045  -0.0545098  -0.0265469  0.442594  
-0.00272245  0.00193928  0.000248045  -0.0415309  0.00714783  0.419374  
-0.00272245  0.00216258  0.000248045  -0.051544  -0.00664384  0.44022  
-0.00286253  0.00210957  -5.66934e-05  -0.0278216  -0.0566096  0.425921  
-0.00215225  0.00210957  -0.00027087  -0.0425504  -0.0340456  0.479332  
-0.00306092  0.00220887  -0.000198574  -0.0466828  0.0163739  0.46908  
-0.000368714  0.00131112  0.000300028  -0.00404267  -0.0187146  0.286307  
-0.00394454  0.000402027  0.000300028  -0.0168828  0.0429297  0.280715  
-0.00359732  0.00063631  0.000300028  -0.0169341  -0.0806046  0.290622  
-0.00295576  0.000402027  9.90968e-05  -0.0168957  -0.0438738  0.257812  
-0.00425526  0.000815431  1.16488e-06  -0.0170771  -0.0348731  0.367176  
-0.00471727  0.00150981  0.000300028  -0.0173175  -0.0502566  0.428841  
-0.00364628  0.00121831  -2.85775e-05  -0.0172052  -0.0136315  0.413625  
-0.00471138  0.00171038  -0.000265411  -0.0224789  0.027738  0.494683  
-0.00378614  0.00119523  -5.11241e-06  0.00109542  0.0120476  0.429909  
-0.00442516  0.000945027  0.000344832  0.00292514  -0.0145709  0.492215  
-0.00403372  0.0021888  -0.000183902  -0.0151328  0.00815764  0.598034  
-0.00375881  -5.9425e-05  0.000798453  -0.0136193  -0.0412153  0.389479  
-0.00332212  0.000352125  0.000385581  -0.0138023  0.0200282  0.314283  
-0.00332212  0.000916956  7.34464e-05  -0.0097825  -0.0315146  0.172182  
-0.00339278  0.00101013  0.000567702  -0.0141943  -0.0694175  0.299573  
-0.00332212  0.00124524  0.000567702  -0.0143435  -0.0318822  0.279888  
-0.00349241  0.00136532  0.000187613  -0.0125847  -0.0547491  0.349398  
-0.00324574  0.00147846  0.000192323  0.00465843  0.00855067  0.334365  
-0.00332212  0.00101013  0.000448738  0.00222796  -0.0334662  0.366659  
-0.0034657  0.00147799  0.000282272  0.00210075  -0.0112247  0.379355  
-0.00332212  0.00101013  0.000272582  -2.94689e-05  -0.0934292  0.379333  
-0.00332212  0.00132982  0.000145278  -1.00709e-05  0.0194371  0.352497  
-0.00332212  0.00183139  0.000145278  -0.000943655  -0.0812407  0.379349  
-0.00332212  0.00129565  0.000452374  0.00695451  -0.0161865  0.362669  
-0.00374724  0.00134292  0.000145278  0.00493148  -0.0134354  0.379365  
-0.00291575  0.00180198  0.000202287  0.00961729  -0.0346984  0.366694  
-0.00304859  0.00140235  0.000145278  0.00978397  -0.0608636  0.361698  
-0.0029139  0.00183842  5.86397e-05  -0.00140332  0.0074614  0.379329  
-0.00372307  0.00164822  0.000145278  -0.0239121  -0.0449996  0.288208  
-0.00297494  0.00101013  -0.00013697  -0.0237501  -0.0253024  0.139973  
-0.00112835  0.000762388  0.000145278  -0.00894465  -0.148454  0.0172313  
-0.00111305  0.000542191  0.000145278  -0.00884516  -0.100024  0.145518  
-0.00154776  0.000916566  0.00034802  -0.0123792  -0.0287975  0.20901  
-0.00196621  0.00102294  0.000274223  -0.0153693  -0.0593519  0.260048  
-0.00239484  0.000961635  0.000145278  -0.0277018  -0.0248615  0.260089  
-0.00211087  0.000991707  0.000145278  -0.0166311  -0.0259461  0.224374  
-0.00269442  0.00120207  0.000145278  -0.0278673  -0.0542039  0.353336  
-0.00382364  0.00215454  0.000145278  -0.0322961  -0.084897  0.500498  
-0.00406293  0.0029067  -0.000202465  -0.0346241  -0.0658481  0.533265  
-0.0044844  0.00246345  -0.000329675  -0.0434313  -0.0493525  0.561215  
-0.00516239  0.00246345  -0.00058517  -0.0380128  0.130216  0.517926  
-0.00459042  0.00216867  -0.000264191  -0.0450302  -0.000484049  0.43063  
-0.00244592  0.00161108  -0.000264191  -0.0279554  0.00642008  0.198319  
-0.00858572  0.0013331  0.00178023  0.0255349  0.0272019  0.508674  
-0.00953665  0.0018669  0.00199234  0.00882171  0.0191863  0.507833  
-0.00856008  0.00212113  0.00139883  -0.00856225  0.0131525  0.581152  
-0.00646257  0.000925014  3.28039e-05  -0.0677644  -0.117617  0.633484  
-0.00428685  0.0018727  -0.000331611  -0.0223891  0.130516  0.465482  
-0.00576421  0.00249585  -0.000351724  -0.0468104  0.0113702  0.653562  
-0.00669802  0.00281012  -0.000557742  -0.0620389  0.0141619  0.826484  
-0.00635577  0.00185762  -0.000747087  -0.0477176  0.0239138  0.323075  
-0.00542123  0.00238923  -0.000517433  -0.0389169  0.0100083  0.350999  
-0.00556635  0.0031223  -0.000514359  -0.0435087  0.00684111  0.540298  
-0.00516206  0.00271618  -0.000304384  -0.042094  -0.0163512  0.521422  
-0.00694494  0.00271618  -0.000304384  -0.0621718  -0.0575873  0.58822  
-0.00688969  0.00271618  -0.000304384  -0.0556199  -0.0682985  0.619333  
-0.00678214  0.00229799  -0.000304384  -0.0619679  -0.0789251  0.628341  
-0.00422182  0.00253326  -0.000258691  -0.0429379  -0.0438863  0.396287  
-0.00362805  0.00216066  -0.000667265  -0.0429024  -0.0577294  0.436027  
-0.00422182  0.00228326  -0.000704224  -0.0429565  -0.00891303  0.444111  
-0.00518145  0.0022296  -0.000736904  -0.0406315  -0.0635807  0.517297  
-0.00489083  0.0024232  -0.000598712  -0.0508509  -0.00567175  0.52685  
-0.00497567  0.00215675  -0.000489508  -0.0354887  -0.00764986  0.512446  
-0.00501907  0.0018354  -0.000677515  -0.0427404  -0.0710739  0.503952  
-0.00447053  0.0018354  7.85134e-05  0.00856835  -0.038004  0.29379  
-0.00381065  0.00134337  -0.000657451  -0.0270105  -0.0202895  0.189141  
-0.00428155  0.000869103  -0.000657451  -0.0409368  -0.146277  0.350255  
-0.00525663  0.000879268  -0.000175098  -0.0181151  -0.00810269  0.262023  
-0.00434409  0.000633117  -3.80965e-05  -0.02084  -0.0351767  0.286427  
-0.00497668  0.00240972  -0.000657451  -0.0336685  -0.0623033  0.537492  
-0.00429393  0.0024358  -0.000453363  -0.0298376  -0.0544422  0.475125  
